fitness: 1529.3141959884765129
E: 73.7279999999999944
I_1: 0.0000000000000000
A: 0.0040000000000000
beta: 0.5622856863414356
phi: 0.2986731691903877
epsilon_i: 0.4523532436556741
epsilon_Y: 0.0032630869732402
sigma: 0.1127231403388687
gamma_1: 0.0577348270987813
gamma_2: 0.0764333129751240
kappa: 0.2787433339896518
p: 0.5476599274203600
alpha: 0.0506266994783189
delta: 0.0144903584961943
D,S,E,I_1,A,A_d,I_2,Y,R
0.0003486655186862,999922.9733700837241486,67.1047570583312307,7.6901536002221507,0.0944892332520564,0.9360298666971716,1.0002104229803122,0.0474197864260769,0.1532212829214461
0.0013813351979479,999920.3409088402986526,62.4525520345663736,14.3346551305118979,0.3142806930325105,0.9202527653713640,1.2121861583189553,0.0961715047793223,0.3276115378934740
0.0031851397361606,999916.3897977623855695,59.5431894557329500,20.1951399507691569,0.6048544072234920,0.9752536591489069,1.5836788044239183,0.1550439604006280,0.5498568601189708
0.0059520378708839,999911.1299137370660901,58.1816400284299746,25.4953974105615728,0.9304847549029323,1.1095514066573224,2.0758544322391925,0.2298748200133403,0.8413313723175363
0.0099423840874806,999904.5581729653058574,58.2059469497612056,30.4271375197163891,1.2706619306172589,1.3236576198514673,2.6606575121001454,0.3243894380158725,1.2194336803663386
0.0154592365724966,999896.6562944604083896,59.4858055355182600,35.1553431506463099,1.6149011779933589,1.6139995525467639,3.3186546277078723,0.4408512938105767,1.6986909647254584
0.0228309568483382,999887.3894361481070518,61.9204730205692968,39.8231245982718463,1.9592157459700406,1.9754008932413982,4.0372869674795995,0.5805618619224605,2.2916698076044666
0.0324001539265737,999876.7053307142341509,65.4364312755110262,44.5560561667704746,2.3037449328278456,2.4025999157811397,4.8094676134494669,0.7442411813858422,3.0097280460597640
0.0445174389751628,999864.5336684688227251,69.9850669027630374,49.4660125731138436,2.6511806730499958,2.8911345149032224,5.6324673055856289,0.9323147644187170,3.8636373582695578
0.0595387850189582,999850.7855568494414911,75.5405273917050408,54.6545446824495187,3.0057433792122179,3.4378191360522963,6.5070399697827197,1.1451277184318618,4.8641020877581251
0.0778255666373298,999835.3529421119019389,82.0978423962910000,60.2158451335278144,3.3725332883460561,4.0409660099720188,7.4367464716732270,1.3831029623723514,6.0221960593673067
0.0997465704567730,999818.1079162815585732,89.6713543517408596,66.2393586665784824,3.7571366755285607,4.7004528959748404,8.4274415934296982,1.6468571044085645,7.3497358603897736
0.1256814476801082,999798.9018571717897430,98.2934746397312438,72.8120920603750079,4.1654035736778185,5.4177050039158363,9.4868950439817628,1.9372848206810194,8.8596062382494161
0.1560252092313021,999777.5643651378341019,108.0137648487712312,80.0206762752328160,4.6033397426010838,6.1956351701854242,10.6245223955533952,2.2556203478942392,10.5660508725481890
0.1911934940144420,999753.9019699566997588,118.8983335688393055,87.9532298393464487,5.0770738634723225,7.0385703786917544,11.8512062256508948,2.6034828977899447,12.4849397756000240
0.2316284052794799,999727.6965867329854518,131.0295350089014050,96.7010684521703752,5.5928736321923092,7.9521820067005917,13.1791914917270656,2.9829113499794908,14.6340229200833871
0.2778048053150997,999698.7037023042794317,144.5059547655978918,106.3603016777290406,6.1571932360103370,8.9434301010933090,14.6220423445011463,3.3963924213246832,17.0331783439960915
0.3302369858138263,999666.6502741994336247,159.4426691103602423,117.0333537441508156,6.7767407870032619,10.0205274097767099,16.1946502667944827,3.8468855937535644,19.7046619030117292
0.3894856923725456,999631.2323233678471297,175.9717664084523960,128.8304420118273868,7.4585584746048204,11.1929260097079961,17.9132856770695277,4.3378473646671249,22.6733649935194244
0.4561655113939196,999592.1122000896139070,194.2431222191923439,141.8710437003843197,8.2101110653406835,12.4713276354934788,19.7956870250545229,4.8732568285524813,25.9670859250581145
0.5309526441851631,999548.9154999481979758,214.4254229214811573,156.2853790029321317,9.0393803277221636,13.8677178398926912,21.8611829892002270,5.4576441748001674,29.6168201516314653
0.6145931227365509,999501.2276036880211905,236.7074361595528273,172.2159367633720137,9.9549642789798085,15.3954236487058758,24.1308447139205384,6.0961233700624256,33.6570742546198858
0.7079115372616798,999448.5898112788563594,261.2995298926654755,189.8190674302302341,10.9661810376472229,17.0691942297301438,26.6276661438102948,6.7944300633232526,38.1262083865208865
0.8118203557096422,999390.4950366527773440,288.4354452979326311,209.2666670014328929,12.0831776613652959,18.9053041590506332,29.3767714614018871,7.5589655915351335,43.0668118187784472
0.9273299289634451,999326.3830253778724000,318.3743321930308525,230.7479751084474628,13.3170447497923057,20.9216790583300849,32.4056494480908910,8.3968478597645788,48.5261162757867481
1.0555592891760170,999255.6350529881892726,351.4030590137559784,254.4715102255182160,14.6799378655905173,23.1380436420685101,35.7444152932929526,9.3159698115043224,54.5564518707713262
1.1977478534681723,999177.5680568279931322,387.8388127130424436,280.6671652028913400,16.1852070187531893,25.5760925210362302,39.4261009990874101,10.3250661835939699,61.2157506800556064
1.3552681582514197,999091.4281490185530856,428.0320072636519626,309.5884868879558667,17.8475356031642960,28.2596844371080458,43.4869760872746767,11.4337892493164954,68.5681032947296671
1.5296397623606026,998996.3834525493439287,472.3695227704814101,341.5151644949458500,19.6830902912882379,31.2150609440606708,47.9669008305173037,12.6527942874859338,76.6843740693311133
1.7225444640498608,998891.5161964648868889,521.2783005552707891,376.7557525959088025,21.7096834983217803,34.4710908928123132,52.9097147140022628,13.9938355707311786,85.6428812438538927
1.9358429885469377,998775.8139996546087787,575.2293229900639062,415.6506561203329966,23.9469501312407509,38.0595424261180000,58.3636633015914938,15.4698737397451005,95.5301486477167003
2.1715933199739084,998648.1602658248739317,634.7420103469222568,458.5754065585311992,26.4165404478746311,42.0153845373408004,64.3818671416099306,17.0951955198676657,106.4417363030421200
2.4320708659943193,998507.3236048020189628,700.3890705168820432,505.9442606576581056,29.1423309711241387,46.3771206025498159,71.0228368116024029,18.8855468405406590,118.4831579316911245
2.7197906523942947,998351.9461873848922551,772.8018411424344549,558.2141552740453108,32.1506555368543872,51.1871566576978481,78.3510386766270841,20.8582805359918595,131.7708941389862787
3.0375317739089951,998180.5309324829140678,852.6761675099266995,615.8890546975449070,35.4705587029616538,56.4922075663372780,86.4375164289122893,23.0325199365013020,146.4335109009230393
3.3883643385488540,997991.4274162658257410,940.7788634581976339,679.5247296892856639,39.1340739130340936,62.3437446117930207,95.3605739940087034,25.4293398036507590,162.6128939257601189
3.7756791674764827,997782.8163834954611957,1037.9548065649362343,749.7340106695081658,43.1765289918022788,68.7984884545245450,105.2065259351235227,28.0719662202193447,180.4656105008423879
4.2032205428695306,997552.6927311205072328,1145.1347229483051251,827.1925609510499271,47.6368817517312948,75.9189518240935683,116.0705220675511953,30.9859972162425130,200.1644115776986155
4.6751223099417984,997298.8468236426124349,1263.3437211297139129,912.6452196275772621,52.5580887108425472,83.7740367690675498,128.0574536127054159,34.1996460977401355,221.8998880998669847
5.1959476874908432,997018.8439887431450188,1393.7106384881931262,1006.9129676801373989,57.9875101610654013,92.4396917704533223,141.2829488791142865,37.7440096443962076,245.8822969460768206
5.7707331548444927,996710.0020302926423028,1537.4782678202616353,1110.9005750408393851,63.9773550836564624,101.9996345376908238,155.8744671579285068,41.6533635577554193,272.3435733543508377
6.4050368359312415,996369.3665842546615750,1696.0145352982099212,1225.6049907195733795,70.5851696826352537,112.5461468532799358,171.9725002641021661,45.9654877730233764,301.5395483186089223
7.1049918284406886,995993.6841313273180276,1870.8247045593857365,1352.1245426183254494,77.8743735974056932,124.1809484147278368,189.7318919413737319,50.7220244960087996,333.7523912169619962
7.8773649791255593,995579.3724686406785622,2063.5646845860301255,1491.6690182729842036,85.9148481597600835,137.0161572420588527,209.3232861780353176,55.9688720927278069,369.2932998485695180
8.7296216447139159,995122.4884317495161667,2276.0555212295403180,1645.5707024012883721,94.7835813754789172,151.1753448762480900,230.9347163480451286,61.7566182431327704,408.5054621319677040
9.6699970385525376,994618.6926478947279975,2510.2991534186367062,1815.2964517014490866,104.5653746329009834,166.7946952883116296,254.7733479929901250,68.1410160725235130,451.7673159598605253
10.7075748096685857,994063.2110925366869196,2768.4955149240690844,2002.4608917143100371,115.3536164650124505,184.0242771489216693,281.0673889867853745,75.1835072943012648,499.4961361203203296
11.8523735692724586,993450.7932140782941133,3053.0610606086120242,2208.8408245729033297,127.2511290110577420,203.0294398713474493,310.0681817655749342,82.9517967352390002,552.1519797876027269
13.1154421465471387,992775.6663872547214851,3366.6487918491279743,2436.3909399145213683,140.3710931296957654,223.9923446314355147,342.0524932448204254,91.5204829681842256,610.2420248608095790
14.5089644145919010,992031.4864548032637686,3712.1698486421278176,2687.2609238676268433,154.8380583971672877,247.1136423801221724,377.3250189638209804,100.9717501451438295,674.3253383862420378
16.0463746198220178,991211.2841208607424051,4092.8167250255414729,2963.8140625321821062,170.7890444666941789,272.6143116866339824,416.2211188686281389,111.3961265031386318,745.0181154367145382
17.7424842212349176,990307.4069694943027571,4512.0881489398880149,3268.6474363554202682,188.3747404516932136,300.7376700705860912,459.1098029338594415,122.8933154019695309,822.9994321309271754
19.6136213348945603,989311.4568995197769254,4973.8156464010417039,3604.6137997842383811,207.7608091033127380,331.7515732807965492,506.3969854896830611,135.5731051415384343,909.0175599448438106
21.6777839683927596,988214.2227943636244163,5482.1917815432252610,3974.8452359628995509,229.1293025550584161,365.9508177346817206,558.5290276088786641,149.5563641892101714,1003.8968920739241639
23.9548083451809362,987005.6082855989225209,6041.8000271532009720,4382.7786683283820821,252.6801962704388416,403.6597620150393482,615.9965871540961189,164.9761288152344321,1108.5455363195035261
26.4665536936372519,985674.5545238668564707,6657.6461729235270468,4832.1832988775677222,278.6330475128920625,445.2351838935601904,679.3387960055607664,181.9787904740819613,1223.9636327522935062
29.2371050182264298,984208.9579445732524619,7335.1911186730103509,5327.1900256138842451,307.2287841114113576,491.0693897658948686,749.1477834845987900,200.7253905659871691,1351.2524581938889696
32.2929954521823674,982595.5831120759248734,8080.3848247596170040,5872.3228680055999575,338.7316284609096328,541.5935935837806028,826.0735639371597472,221.3930304463484902,1491.6243832784780352
35.6634499293286353,980819.9708496675593778,8899.7010990431390383,6472.5323977639773148,373.4311605024829532,597.2815822846094989,910.8293046976132246,244.1764046964750321,1646.4137514150252173
39.3806520100915805,978866.3420188790187240,9800.1727858864105656,7133.2311311912999372,411.6445217911786472,658.6536842613217004,1004.1969880411929807,269.2894656973853671,1817.0887522421114681
43.4800358325010166,976717.4975065262988210,10789.4267843150064436,7860.3307868005585988,453.7187605784260427,726.2810564808581830,1107.0334770450817814,296.9672274222047577,2005.2643649990425274
48.0006052515236661,974354.7152182875433937,11875.7181557779240393,8660.2812456234369165,500.0333149970938393,800.7903043216687138,1220.2769902672091575,327.4677160376035658,2212.7164494358739830
52.9852823516121134,971757.6451708888635039,13067.9623829223746725,9540.1109690491939546,551.0026278050179371,882.8684459097318040,1344.9539835303662585,361.0740743270729354,2441.3970632157020191
58.4812876053620130,968904.2041292176581919,14375.7646052626860182,10507.4685273149807472,607.0788815640661369,973.2682295104185641,1482.1864285331612336,398.0968260546293322,2693.4510849370831238
64.5405540307983756,965770.4716583042172715,15809.4443815227259620,11570.6647677475048113,668.7548374323079088,1072.8138081715817407,1633.1994671149952865,438.8763051009801188,2971.2342205750046560
71.2201777637237683,962330.5899615518283099,17380.0542080791674380,12738.7150021351644682,736.5667537323231500,1182.4067700686559874,1799.3294063443433970,483.7852524361996416,3277.3324678887688606
78.5829074813518673,958556.6704639452509582,19099.3896554368366196,14021.3804136147336976,811.0973519159352918,1303.0325155955611081,1982.0320026909218996,533.2315816399137702,3614.5831076795243462
86.6976751092588529,954418.7107791459420696,20979.9885684912478609,15429.2076715648490790,892.9787872458289257,1435.7669628572500642,2182.8909628464193702,587.6613106224078820,3986.0972821167943039
95.6401701782597229,949884.5264773149974644,23035.1163120500532386,16973.5654947326984257,982.8955692187992099,1581.7835514927469376,2403.6265636971384083,647.5616533018604741,4395.2842080135951619
105.4934600765118375,944919.7029477806063369,25278.7335343530285172,18666.6766151197371073,1081.5873622242067995,1742.3605002953352141,2646.1042639180791411,713.4642601010407361,4845.8770561315141094
116.3486582374898717,939487.5736239117104560,27725.4423761278885650,20521.6432657569966977,1189.8515799378233169,1918.8882564692457890,2912.3431440372801262,785.9485900718913172,5341.9605054495350487
128.3056419993517920,933549.2318963549332693,30390.4064848642010475,22552.4639434570453886,1308.5456673011901785,2112.8770531145014502,3204.5239700217784957,865.6453900545018314,5887.9999528326734435
141.4738214565441012,927063.5851650864351541,33289.2396249496232485,24774.0387839582872402,1438.5889414941516407,2325.9644661968745822,3524.9966269426531653,953.2402473330637349,6488.8723225823832763
155.9729600684950128,919987.4606378065655008,36437.8571352967846906,27202.1604354093578877,1580.9638380317082920,2559.9228323813331372,3876.2866136991656276,1049.4771715652293551,7149.8983757413079729
171.9340470439055935,912275.7736231249291450,39852.2840203255182132,29853.4868345559516456,1736.7163801034046173,2816.6663542683063497,4261.1002269493919812,1155.1621491362438974,7876.8763644923155880
189.5002206077333540,903881.7701227866346017,43548.4131252637598664,32745.4917910458207189,1906.9556588181703773,3098.2576794380961474,4682.3279924575372206,1271.1665983448262978,8676.1168112373743497
208.8277400949737057,894757.3564049254637212,47541.7067168650319218,35896.3887882084309240,2092.8520796791067369,3406.9136940832240725,5143.0458256324081958,1398.4306368171794475,9554.4781136941164732
230.0870033883256838,884853.5288194864988327,51846.8349581987276906,39325.0229407832957804,2295.6340972971183874,3745.0102209044957817,5646.5133213205572247,1537.9660531783708848,10519.4025854425926809
253.4636045051738620,874120.9172466944437474,56477.2453423486513202,43050.7256482832963229,2516.5831274036959258,4115.0852546768583125,6196.1684879612394070,1690.8588532823885089,11578.9524348440500034
279.1594240876147524,862510.4550677746301517,61444.6582634916412644,47093.1261950105981668,2757.0262945221670634,4519.8403081766464311,6795.6181560571076261,1858.2712273318531970,12741.8450635477711330
307.3937431283993647,849974.1872028781799600,66758.4856975702132331,51471.9144344474188983,3018.3266477182933158,4962.1393772594119582,7448.6232098590426176,2041.4427582910661840,14017.4869288479676470
338.4043674821732566,836466.2253403516951948,72425.1725875424599508,56206.5488297566989786,3301.8704589102762839,5445.0049687224973241,8159.0777199686981476,2241.6906646153493057,15416.0050626501506486
372.4487474927445874,821943.8557397109689191,78447.4641227773827268,61315.9045884029837907,3609.0512122888562772,5971.6105709449529968,8930.9810006552797859,2460.4088422644417733,16948.2751754623968736
409.8050734701100737,806368.7996930568479002,84823.6067868858663132,66817.8575221145583782,3941.2499042804925011,6545.2688889163118802,9768.4015882825515291,2699.0654433523309308,18625.9450996408486390
450.7733237529173493,789708.6196799892932177,91546.4968919801176526,72728.8006833979598014,4299.8113066980840813,7169.4151170049299253,10675.4321473707477708,2959.1987031185340129,20461.4521466875448823
495.6762377485865727,771938.2553308670176193,98602.7973076391936047,79063.0928741973475553,4686.0159073173745128,7847.5844907369501016,11656.1343711369299854,3242.4107051383443832,22468.0327752182311087
544.8601817347807810,753041.6625303523615003,105972.0510987297311658,85832.4408756435732357,5101.0473383538419512,8583.3833502354846132,12714.4730677480965824,3550.3587592491398937,24659.7227979529707227
598.6958704205462709,733013.5165374791249633,113625.8295179490523878,93045.2207672359072603,5545.9552401523224034,9380.4529712002822635,13854.2388263448992802,3884.7440604600892584,27051.3462087577245256
657.5789024999830872,711860.9262998807244003,121526.9607702245120890,100705.7480008290440310,6021.6136897775822945,10242.4254836460386286,15078.9589518501525163,4247.2973034688757252,29658.4905978231254267
721.9300638462882489,689605.0929198192898184,129628.8944662716530729,108813.5109149034396978,6528.6755550941516049,11172.8713137195027230,16391.7967561258519709,4639.7609499921463794,32497.4670602276528371
792.1953479006187990,666282.8315349448239431,137875.2637690999836195,117362.3879755662346724,7067.5234142602148495,12175.2377591384265543,17795.4398023813373584,5063.8678887278010734,35585.2525079806146096
868.8456394746899605,641947.8640797176631168,146199.7117601018107962,126339.8749632123071933,7638.2180039298855263,13252.7785522257090634,19291.9783203967126610,5521.3162940728798276,38939.4123868683236651
952.3760060357162729,616671.7821436539525166,154526.0492218191793654,135726.3542179210635368,8240.4455169063185167,14408.4745817317507317,20882.7757333702975302,6013.7405828766150080,42578.0019956852120231
1043.3045399145921692,590544.5762544323224574,162768.8065465968393255,145494.4434198995295446,8873.4654449681675032,15644.9463372704740323,22568.3340424751841056,6542.6784906924949610,46519.4449237503213226
1142.1706962692551315,563674.6321823155740276,170834.2316877391713206,155608.4656125930778217,9536.0610313698871323,16964.3591043327069201,24348.1576680881735228,7109.5344408661540001,50782.3875764259355492
1249.5330754069145769,536188.1078093815594912,178621.7682088876899797,166024.0846015834249556,10226.4947293071854801,18368.3224625249349629,26220.6201977462442301,7715.5395599283392585,55385.5293552337898291
1365.9666046539787203,508227.6266787956119515,186026.0224234606430400,176688.1497948813193943,10942.4713207615368447,19857.7862056563935766,28182.8392763054180250,8361.7088970975146367,60347.4287983876347425
1492.0590846339473501,479950.2565918448381126,192939.1970732030458748,187538.7913719082134776,11681.1114944085838943,21432.9353813369707495,30230.5655176807704265,9048.7966271301629604,65686.2868578535708366
1628.4070777501910925,451524.7824520187568851,199253.9327169322059490,198505.7999309118022211,12438.9386717231463990,23093.0877028513205005,32358.0917371015530080,9777.2502439342497382,71419.7094667768105865
1775.6111329003470019,423128.3295541428960860,204866.4597849808342289,209511.3142941891273949,13211.8816721691255225,24836.5970728089087061,34558.1889156700635795,10547.1649737969255511,77564.4525993418938015
F_linear: 2721.03911
F_uniform: 1529.31420
F_exp: 5067.54414
F_max: 36859.01374
