# D,S,E,I_1,A,A_d,I_2,Y,R
0.000000000000000000e+00,9.999491026078180876e+05,2.917959124086876344e+01,5.330186882629981859e+00,1.438761405846517150e+01,1.000000000000000000e+00,1.000000000000000000e+00,0.000000000000000000e+00,0.000000000000000000e+00
1.746229827404022217e-09,9.999186036132450681e+05,3.141497045621633077e+01,3.000057983817036700e+01,6.962004329577480277e+00,4.244913854485475646e+00,1.541124805758270710e+00,2.516098010841911758e-01,6.981183667864431897e+00
8.381903171539306641e-09,9.998639591764258221e+05,4.818326121518069982e+01,5.909961757398571081e+01,6.196169744718544869e+00,4.952854255465699573e+00,3.238552564627314112e+00,6.653465945557680561e-01,1.370502161722298240e+01
2.363231033086776733e-08,9.997697898096254794e+05,8.075508357436419260e+01,1.046227429618569431e+02,8.830940287008822054e+00,5.833540384308378179e+00,6.097860243754386289e+00,1.411141914019025778e+00,2.265888098559852182e+01
5.378387868404388428e-08,9.996080794080796186e+05,1.379236020892495276e+02,1.811246875765161235e+02,1.464107639038139475e+01,8.007467624756982261e+00,1.083535576166948822e+01,2.682635605790781419e+00,3.670576681815449405e+01
1.095468178391456604e-07,9.993304160127725918e+05,2.365434578548558875e+02,3.118013336127684170e+02,2.502433359018747794e+01,1.242188433304579576e+01,1.883307817222355851e+01,4.826434402975198878e+00,6.013346515178858454e+01
2.080341801047325134e-07,9.988537576779867522e+05,4.059851552851731640e+02,5.358504806005767023e+02,4.296829618397049444e+01,2.050449002436431556e+01,3.247560848585867177e+01,8.459577921516128640e+00,9.999871330373002820e+01
3.754394128918647766e-07,9.980439258942867164e+05,6.728944683620520664e+02,9.380320551423552615e+02,7.028974875704216174e+01,3.625553170807825865e+01,5.410703057872834876e+01,1.510652850649346846e+01,1.693887422831092806e+02
6.720656529068946838e-07,9.966402182030944386e+05,1.173854565732526680e+03,1.595233959947820267e+03,1.236310193313216388e+02,6.064827090112270014e+01,9.438260078733435421e+01,2.564803117701783819e+01,2.863833483563670370e+02
1.129461452364921570e-06,9.943401691208262928e+05,1.728866891277007198e+03,2.945982219732712565e+03,1.705013967331576055e+02,1.223414266133265897e+02,1.414602288511107986e+02,4.945380306715081531e+01,5.012249117697767247e+02
1.996057108044624329e-06,9.902550939587481553e+05,3.131439960386318035e+03,4.911866086431426993e+03,3.187938724237039878e+02,1.978990189261096191e+02,2.555501649999846450e+02,8.142232517657274116e+01,8.479346109116036132e+02
3.636581823229789734e-06,9.829984880726039410e+05,6.390087566019576116e+03,7.604567727288568676e+03,7.023217519646856317e+02,2.697908786050297181e+02,5.147185857561551074e+02,1.193496722513948782e+02,1.400675741874117875e+03
6.180838681757450104e-06,9.712403259675403824e+05,1.036973849665478883e+04,1.328992477994684668e+04,1.131625546722200625e+03,4.917797432632684718e+02,8.458738153099059218e+02,2.130469029394270422e+02,2.417684741442391896e+03
1.050881110131740570e-05,9.516207736567665124e+05,1.684687883356924067e+04,2.288651370294214576e+04,1.842869823792927264e+03,8.750319962506371212e+02,1.398833337846950144e+03,3.740348321712232291e+02,4.155063806151479184e+03
1.788092777132987976e-05,9.193636764478357509e+05,2.746775457697984530e+04,3.853067751494787808e+04,3.056288657724393488e+03,1.513072989999596075e+03,2.338092780169653452e+03,6.424853976711192445e+02,7.087951616790784101e+03
3.052270039916038513e-05,8.679568225999921560e+05,4.404593412471787451e+04,6.335856831249794777e+04,5.127098228467588342e+03,2.524286550157803049e+03,3.914549083882486229e+03,1.076431311200362643e+03,1.199630975856115765e+04
5.208619404584169388e-05,7.899078534617702244e+05,6.841670422623051854e+04,1.006654436802614073e+05,8.632344876865312472e+03,4.044102417281813814e+03,6.518520496960220953e+03,1.750302196503204186e+03,2.006472859204110500e+04
8.658808656036853790e-05,6.815987887739003636e+05,9.621572199763159733e+04,1.557261578024250630e+05,1.339813292746682782e+04,6.707669083494065490e+03,1.022880168701671755e+04,2.886178370423155229e+03,3.323854927105417300e+04
1.422469504177570343e-04,5.460248479854946490e+05,1.231615335408073879e+05,2.262989447255913983e+05,2.011397337566560600e+04,1.058499312847360306e+04,1.545903437164817660e+04,4.565850536792363528e+03,5.379082219327984058e+04
2.284335205331444740e-04,3.992300421537617804e+05,1.404416770300894568e+05,3.025130099549938459e+05,2.876890293609714354e+04,1.578702623062834027e+04,2.220689503621665790e+04,6.856864668761591020e+03,8.419558176101763092e+04
3.543744096532464027e-04,2.662727588457778329e+05,1.360724970901256893e+05,3.718104466897724196e+05,3.753443270633163775e+04,2.242468354574017576e+04,2.931058743019018220e+04,9.800646557267962635e+03,1.267739467804196174e+05
5.279154283925890923e-04,1.645211630175292667e+05,1.136790587893577031e+05,4.163604614646099508e+05,4.509803938305129850e+04,2.967189534838252803e+04,3.568953705522568634e+04,1.308276999868432722e+04,1.818970744152437837e+05
7.512688171118497849e-04,9.702265249854064314e+04,8.475677641862991732e+04,4.272974911591333803e+05,5.019032227398220857e+04,3.638246100729278260e+04,4.024750991010511643e+04,1.622377620479656252e+04,2.478790097762506630e+05
1.018634648062288761e-03,5.693282572285657807e+04,5.604573727030697773e+04,4.114451040233559324e+05,5.150090481202186493e+04,4.171572686760588113e+04,4.197980004193578498e+04,1.882525762778487842e+04,3.215546426154975197e+05
1.318720169365406036e-03,3.413492815390575561e+04,3.490753406732977601e+04,3.760189139916935237e+05,4.985079478372503945e+04,4.483080804967525910e+04,4.127048201132172107e+04,2.049017393824224928e+04,3.984963636853865464e+05
1.636240165680646896e-03,2.136112620109468116e+04,2.088527741353805322e+04,3.316166999775655568e+05,4.602295747232975555e+04,4.561984745389307500e+04,3.865986878559012257e+04,2.111858416516816578e+04,4.747156368945805589e+05
1.955874729901552200e-03,1.408531585833693680e+04,1.228391381651563643e+04,2.854902483034600154e+05,4.101813772245773725e+04,4.437052573010954075e+04,3.490568846110163577e+04,2.079319809163678292e+04,5.470529700605070684e+05
2.264574752189218998e-03,9.810474878111193902e+03,7.234923602813464640e+03,2.418763594189021096e+05,3.564620886429848906e+04,4.160421303256043757e+04,3.067043736891276785e+04,1.971988736522832187e+04,6.134374932045985479e+05
2.552839461714029312e-03,7.200612532092162837e+03,4.329622052511758739e+03,2.027837102596971381e+05,3.043399792446921492e+04,3.788730810591468617e+04,2.642192799549217671e+04,1.814394890362906153e+04,6.727988696733543184e+05
2.814794424921274185e-03,5.543582502467665108e+03,2.614152245383533227e+03,1.689016271503210301e+05,2.564285332596638909e+04,3.372738280464831769e+04,2.242974368947574840e+04,1.629736480987442701e+04,7.248432906570684863e+05
3.047775244340300560e-03,4.450887405555727128e+03,1.669318965565608096e+03,1.399742987762332486e+05,2.145403882817379053e+04,2.947366352991013991e+04,1.886476202041295983e+04,1.435529538465547375e+04,7.697577320417178562e+05
3.251446178182959557e-03,3.706033364820103543e+03,1.108408616865385738e+03,1.156542345064371184e+05,1.785089188338057284e+04,2.539124428464589437e+04,1.575423240615913528e+04,1.245254264250613960e+04,8.080824090437394334e+05
3.427061601541936398e-03,3.182911480969683907e+03,7.593724768077556746e+02,9.537352214011730393e+04,1.479028260808950836e+04,2.163870689190085977e+04,1.308932083164786309e+04,1.067324970824193952e+04,8.404926304351635044e+05
3.576765768229961395e-03,2.806133018715555409e+03,4.566459383672197418e+02,7.864178179416719649e+04,1.215629246631363640e+04,1.832665426856511476e+04,1.081311550712460667e+04,9.070860998937565455e+03,8.677285124310434330e+05
3.703549620695412159e-03,2.528403116262387357e+03,3.631224358891496991e+02,6.465026739415309567e+04,1.005364239375582292e+04,1.536562804917903122e+04,8.940581894410146560e+03,7.640366799893720781e+03,8.904579842129070312e+05
3.810036228969693184e-03,2.320152839143311212e+03,2.665294082614562399e+02,5.315307160148896219e+04,8.278267747070362020e+03,1.283370517480873968e+04,7.369888050974939688e+03,6.401417478015896450e+03,9.093769638902001316e+05
3.899050876498222351e-03,2.161504772450403379e+03,2.008171933390574395e+02,4.367638115755348554e+04,6.810507020959010333e+03,1.067618766054610023e+04,6.067792756084741995e+03,5.338749677810457797e+03,9.250680558622058015e+05
3.973149810917675495e-03,2.039091648176267881e+03,1.489111735150548839e+02,3.588182962415937072e+04,5.596394792157865595e+03,8.855580456562172913e+03,4.990007579420297589e+03,4.436992310482850371e+03,9.380511884423763258e+05
4.034647485241293907e-03,1.943603594951106061e+03,1.164558801028017712e+02,2.946342976784345228e+04,4.599147130517886580e+03,7.326254756511802043e+03,4.102176512768782231e+03,3.676743689402160726e+03,9.487721846332545392e+05
4.085551481693983078e-03,1.868466929393680857e+03,9.078000209953746946e+01,2.418953147868801898e+04,3.777488739176755189e+03,6.050132609289958054e+03,3.370354307784252342e+03,3.040187067753499377e+03,9.576130547802628716e+05
4.127607913687825203e-03,1.808905126242306324e+03,7.237655932989972030e+01,1.985499451909311756e+04,3.102628101238286035e+03,4.988406979556547412e+03,2.768389124095836905e+03,2.509379859883858444e+03,9.648949156029523583e+05
4.162296885624527931e-03,1.761405700155514296e+03,5.697401333903057719e+01,1.629644307511989246e+04,2.546717738167114021e+03,4.109123037949760146e+03,2.272959310483195623e+03,2.068634768648454155e+03,9.708877381938401377e+05
4.190873936749994755e-03,1.723336586954958648e+03,4.344074525882105320e+01,1.337630524995744418e+04,2.088533841017210761e+03,3.382943908845506485e+03,1.865290005286717587e+03,1.703746003313745859e+03,9.758163994684916688e+05
4.214403568767011166e-03,1.692693922571898156e+03,3.618163006686446437e+01,1.097468703143881066e+04,1.715339425081273021e+03,2.781169202679196133e+03,1.531438764083904061e+03,1.401626476445602293e+03,9.798668593332289020e+05
4.233754356391727924e-03,1.667950167137988274e+03,2.916016618884320977e+01,9.005015942954858474e+03,1.407694989824786262e+03,2.285925244488400494e+03,1.256848061145139582e+03,1.152494390112075735e+03,9.831949068043935113e+05
4.249664954841136932e-03,1.647911432385168837e+03,2.484035825109342710e+01,7.386874707971548560e+03,1.156424507608222257e+03,1.877154905604373198e+03,1.031865346748001912e+03,9.469335537704914714e+02,9.859279909379960736e+05
4.262739326804876328e-03,1.631646342156647961e+03,2.176514122239268900e+01,6.058511754770972402e+03,9.505237106716124345e+02,1.540561890138692206e+03,8.473082977775094378e+02,7.776227740795590080e+02,9.881720558264432475e+05
4.273466416634619236e-03,1.618423856597195709e+03,1.468332504235144853e+01,4.974257859836235184e+03,7.767529144505092518e+02,1.267193234151714705e+03,6.940769675070315543e+02,6.391857693109352567e+02,9.900154217996376101e+05
4.282275214791297913e-03,1.607654635458351777e+03,9.045849231387716571e+00,4.084454334691938129e+03,6.343188686294538456e+02,1.042382799420415040e+03,5.683697762422075357e+02,5.253399852136521986e+02,9.915284294688373338e+05
4.289521835744380951e-03,1.598867201449182858e+03,1.009942707129173556e+01,3.347358538675544878e+03,5.232638957354730564e+02,8.535437314135104998e+02,4.673460562237110594e+02,4.307433117736404711e+02,9.927687735481357668e+05
4.295463091693818569e-03,1.591695917446221301e+03,8.281495953874010496e+00,2.745976734698537257e+03,4.293010195648585068e+02,7.004929059909411535e+02,3.834272023365405175e+02,3.535355312484928163e+02,9.937872848972973879e+05
4.300338448956608772e-03,1.585836582099011594e+03,6.635968451037706828e+00,2.252809486842901606e+03,3.517277361933516886e+02,5.752523398835519401e+02,3.144921234773850074e+02,2.901754671051166952e+02,9.946230659956091549e+05
4.304339410737156868e-03,1.581045794601251146e+03,5.288410475550275436e+00,1.848227910715795815e+03,2.880932308809846063e+02,4.724281542692473863e+02,2.579313836270730462e+02,2.381554745485835269e+02,9.953088253365420969e+05
4.307624883949756622e-03,1.577126486878702735e+03,4.729283513005808182e+00,1.515630774929709560e+03,2.376575286394665909e+02,3.864308042198920816e+02,2.117911025227773507e+02,1.953006983246335437e+02,9.958713290133469272e+05
4.310319316573441029e-03,1.573918496636999635e+03,3.969687952038403189e+00,1.243173883882066548e+03,1.952639446448675926e+02,3.167749122406492006e+02,1.737881518967815850e+02,1.602139586605198360e+02,9.963328926537667867e+05
4.312528646551072598e-03,1.571291692434968809e+03,3.060580403484244982e+00,1.020033815990042854e+03,1.595586153228749424e+02,2.604505278310447807e+02,1.424708051995406777e+02,1.315004733052250003e+02,9.967116291769841919e+05
4.314342048019170761e-03,1.569140148933801811e+03,2.501953605382892576e+00,8.367476122710666004e+02,1.308796878232358836e+02,2.136800617095573500e+02,1.168696514431533870e+02,1.078861107547207610e+02,9.970222904591170372e+05
4.315829835832118988e-03,1.567377415782170601e+03,2.066598666012442909e+00,6.863668408295991412e+02,1.074387311625955874e+02,1.752266663197386265e+02,9.587773389745341035e+01,8.850444348575365439e+01,9.972771372540268349e+05
4.317050334066152573e-03,1.565932849278506410e+03,1.675423814766358932e+00,5.630491726609606076e+02,8.805865262021771400e+01,1.438167214518066999e+02,7.864117442618736220e+01,7.261075358984197692e+01,9.974862109351073159e+05
4.318051505833864212e-03,1.564748837532769585e+03,1.342958912714701025e+00,4.619051906215779582e+02,7.210805809527187193e+01,1.180961045065241990e+02,6.449590519480520356e+01,5.957395959857952050e+01,9.976577246674862690e+05
4.318873048759996891e-03,1.563778323766871154e+03,1.122434680336405588e+00,3.788728710961849515e+02,5.924271330593425233e+01,9.679282488820001618e+01,5.291611131312348704e+01,4.886561555228960430e+01,9.977984047865240136e+05
4.319546744227409363e-03,1.562982628811980931e+03,9.206891430162967849e-01,3.107866845233575646e+02,4.859910935109802210e+01,7.939922569832870636e+01,4.340730505034093056e+01,4.008579996888709474e+01,9.979138142379061319e+05
4.320099484175443649e-03,1.562330223312245380e+03,7.541005135535587822e-01,2.549373976315126811e+02,3.985918837938010739e+01,6.513885876078387582e+01,3.560653300291694734e+01,3.288352175657526288e+01,9.980084858565434115e+05
4.320552921853959560e-03,1.561795259629022667e+03,6.186229319087851453e-01,2.091226150201720770e+02,3.269855491992655061e+01,5.343190392949753686e+01,2.920800791476892400e+01,2.697474980039699233e+01,9.980861459653013153e+05
4.320925101637840271e-03,1.561356568567797922e+03,5.093255089766859367e-01,1.715382747823809666e+02,2.683841714805259215e+01,4.381497243244363915e+01,2.396011408236547879e+01,2.212697661207289812e+01,9.981498510299408808e+05
4.321229993365705013e-03,1.560996806682391480e+03,4.165492597493990479e-01,1.407129965262943188e+02,2.200626241244849268e+01,3.595041054696019955e+01,1.965377257848375692e+01,1.815127058906053392e+01,9.982021076101745712e+05
4.321480402722954750e-03,1.560701757724988965e+03,3.417349068918310029e-01,1.154252446724813410e+02,1.805233621368699204e+01,2.948935283968786791e+01,1.612187407792186988e+01,1.488949208826714354e+01,9.982449738859956851e+05
4.321685642935335636e-03,1.560459776434245441e+03,2.809782455813200075e-01,9.468132513459508459e+01,1.481277907793642790e+01,2.418569960303494781e+01,1.322496283004879558e+01,1.221368115545839039e+01,9.982801364758333657e+05
4.321854095906019211e-03,1.560261317911143806e+03,2.331592069809334533e-01,7.766310815264235146e+01,1.216838137958197485e+01,1.982286614616378628e+01,1.084960090918302278e+01,1.001823763180570026e+01,9.983089790068083676e+05
4.321992280893027782e-03,1.560098527655779208e+03,1.904729587934557988e-01,6.370689318129932133e+01,9.976634272050052488e+00,1.626520682973012910e+01,8.899438252922486470e+00,8.218071862592092103e+00,9.983326404329945799e+05
4.322105785831809044e-03,1.559964985250570862e+03,1.507063754216265705e-01,5.226389574047340147e+01,8.147873196457995348e+00,1.337590197146808535e+01,7.297462602654949393e+00,6.742460805621551145e+00,9.983520523919516709e+05
4.322198685258626938e-03,1.559855477000460269e+03,1.239073894651095964e-01,4.287122513708860083e+01,6.685580200870106182e+00,1.097032165336755938e+01,5.986181219354664407e+00,5.530734740017068773e+00,9.983679722504607635e+05
4.322274820879101753e-03,1.559765660994017026e+03,1.036037817841786030e-01,3.516470003953067192e+01,5.496436110891047555e+00,8.987319946470421428e+00,4.911343340425585957e+00,4.536387093604732357e+00,9.983810302264183993e+05
4.322337335906922817e-03,1.559691980858183342e+03,8.506768918413983027e-02,2.884504165563167533e+01,4.509305483838884854e+00,7.371585277873933251e+00,4.028754804709215875e+00,3.721130845686997368e+00,9.983917428110474721e+05
4.322388675063848495e-03,1.559631539522192725e+03,6.794468885535154268e-02,2.366363329939670734e+01,3.683232442217764913e+00,6.061983790987611975e+00,3.303877071839893542e+00,3.052911569729346741e+00,9.984005305552261416e+05
4.322430817410349846e-03,1.559581960970200043e+03,5.357033787224228794e-02,1.941380582824517376e+01,3.002854338872723794e+00,4.990384931297628057e+00,2.709111718696511684e+00,2.504865209685309679e+00,9.984077391242343001e+05
4.322465392760932446e-03,1.559541308241957495e+03,4.728901540614693921e-02,1.592048027573411417e+01,2.491846555350722525e+00,4.065901526814774236e+00,2.223821052632240836e+00,2.053787316987666589e+00,9.984136512435497716e+05
4.322493565268814564e-03,1.559507966302147452e+03,4.359657949913574304e-02,1.305305781853270020e+01,2.085067292695361729e+00,3.295608212336040843e+00,1.826432349474810035e+00,1.683373499428916897e+00,9.984185005754522281e+05
4.322516848333179951e-03,1.559480594307661477e+03,3.211181654940840902e-02,1.071207777923727278e+01,1.679063342794092861e+00,2.733563683573224878e+00,1.496487756924456569e+00,1.381861649531452851e+00,9.984224799171468476e+05
4.322535940445959568e-03,1.559458150541544683e+03,2.606400857940916263e-02,8.787336709062392615e+00,1.374992828795597255e+00,2.244545752244568426e+00,1.227419204936443853e+00,1.133599903211761406e+00,9.984257435685156379e+05
4.322551540099084377e-03,1.559439741469434693e+03,2.141927590367301987e-02,7.208090591426836724e+00,1.128370792317750837e+00,1.840704871108201246e+00,1.006855598485686176e+00,9.298676102695615509e-01,9.984284206272395095e+05
4.322564462199807167e-03,1.559424641203232341e+03,1.768155022876480645e-02,5.912565657011795928e+00,9.267597447397196708e-01,1.508772749228675991e+00,8.259647777751519815e-01,7.627290924585212739e-01,9.984306165626608999e+05
4.322574823163449764e-03,1.559412252803784895e+03,1.420913665897348063e-02,4.850357249992719666e+00,7.572021615024263630e-01,1.240533474695231009e+00,6.773849449707719517e-01,6.257347495669600690e-01,9.984324180029039271e+05
4.322583670727908611e-03,1.559402092073489030e+03,1.161213187736514704e-02,3.978738937074605353e+00,6.206935217860425347e-01,1.018009301881793505e+00,5.556292520711777483e-01,5.132939249117171032e-01,9.984338956082733348e+05
4.322590655647218227e-03,1.559393758112171554e+03,9.634794717802295377e-03,3.263574129633734167e+00,5.102694405511069009e-01,8.339744454953175179e-01,4.558286152840197447e-01,4.210194773407320290e-01,9.984351076183941914e+05
4.322596476413309574e-03,1.559386921387117582e+03,7.905057062233872625e-03,2.677064803490428968e+00,4.185804899229089715e-01,6.840859175382515422e-01,3.739111120858428228e-01,3.453563855907524904e-01,9.984361018522507511e+05
4.322601249441504478e-03,1.559381313287535932e+03,6.472161685179318377e-03,2.195978945761052792e+00,3.432015651058718531e-01,5.612983848811629040e-01,3.067088088098177678e-01,2.832950321285614415e-01,9.984369174092129106e+05
4.322605207562446594e-03,1.559376713129915288e+03,5.323893328113930672e-03,1.801310122496549537e+00,2.817065194956784313e-01,4.602462467580156202e-01,2.515958838081793769e-01,2.323786945107726709e-01,9.984375864029045915e+05
4.322608234360814095e-03,1.559372939714574386e+03,4.386368079474390475e-03,1.477562893607065941e+00,2.313171326139564776e-01,3.773016747357059719e-01,2.063895798922087965e-01,1.906114746779835056e-01,9.984381351685535628e+05
4.322610795497894287e-03,1.559369844349248069e+03,3.584798480503228503e-03,1.212045783646703345e+00,1.895859235480307770e-01,3.096533274765946309e-01,1.692927534935027567e-01,1.563601950289397469e-01,9.984385853102582041e+05
4.322613123804330826e-03,1.559367305287922363e+03,2.940366216848951369e-03,9.942249098695903342e-01,1.555129653687541136e-01,2.540061682315045699e-01,1.388684551243963561e-01,1.282602072545585836e-01,9.984389545590269845e+05
4.322614753618836403e-03,1.559365222665676811e+03,2.426016918858778584e-03,8.155344164728297596e-01,1.277741429012743124e-01,2.081546533549958611e-01,1.139191734429843283e-01,1.052066320098155594e-01,9.984392574396844720e+05
4.322616267018020153e-03,1.559363514471616554e+03,2.021705266040002037e-03,6.689374650251821430e-01,1.052802853826446394e-01,1.702901455772635742e-01,9.346254452883613617e-02,8.629159776553994854e-02,9.984395058791686315e+05
4.322617314755916595e-03,1.559362112825651138e+03,1.641357105169108637e-03,5.487382925540007506e-01,8.610737024102740889e-02,1.399323620956524905e-01,7.665729149211071569e-02,7.078805694063712572e-02,9.984397096998265479e+05
4.322618246078491211e-03,1.559360962645236668e+03,1.280068845293110338e-03,4.501946665326600483e-01,6.965099053534012929e-02,1.157400711631191015e-01,6.284706925363213459e-02,5.808321767390259294e-02,9.984398769186524441e+05
4.322619177401065826e-03,1.559360019847086278e+03,1.058438105072717541e-03,3.692807787269276609e-01,5.725999344499768662e-02,9.481767112306166423e-02,5.155708534730513160e-02,4.764292701031498656e-02,9.984400140406399732e+05
4.322619759477674961e-03,1.559359246622828778e+03,8.937810989463378444e-04,3.028886025053367792e-01,4.734820522277666949e-02,7.740932138022439679e-02,4.230468363022657496e-02,3.907444732803336956e-02,9.984401265117161674e+05
4.322620341554284096e-03,1.559358612131314885e+03,7.336825289285176703e-04,2.484548433486949981e-01,3.884647044655854115e-02,6.349064758740373404e-02,3.470222690859428583e-02,3.205210813748167464e-02,9.984402187852694187e+05
4.322620807215571404e-03,1.559358091663605137e+03,6.018732084443257670e-04,2.038041991839451839e-01,3.186536366252754743e-02,5.208044854874763208e-02,2.846580245763844288e-02,2.629191382089406115e-02,9.984402944761146791e+05
4.322621156461536884e-03,1.559357664732549438e+03,4.942412571265056070e-04,1.671770277321760201e-01,2.614748975207625836e-02,4.271224689999941065e-02,2.335035617169315889e-02,2.156673764495604592e-02,9.984403565645468188e+05
